0	-8.460	-8.385	-6.87	-4.59	-13.82	-7.55	-5.50	-11.00	-10.13	-6.984	-4.32	-7.569 	-4.87	-5.90	-4.10
0.01	-3.130	-3.710	-3.96	-2.81	-5.08	-2.41	-2.54	-3.85	-5.37	-3.850	-2.54	-2.926 	-2.02	-1.30	-1.40
0.02	-2.200	-2.666	-2.87	-2.19	-3.67	-1.65	-1.82	-2.87	-4.00	-2.748	-1.61	-2.133 	-1.49	-0.70	-0.89
0.03	-1.600	-2.004	-1.62	-1.83	-3.08	-1.21	-1.49	-2.20	-3.37	-2.335	-1.40	-1.497 	-0.98	-0.30	-0.39
0.04	-1.160	-1.543	-1.38	-1.34	-2.53	-0.82	-1.15	-1.68	-2.83	-1.921	-1.13	-1.144 	-0.65	0.10	-0.10
0.05	-0.820	-1.071	-1.06	-0.89	-2.08	-0.59	-0.85	-1.26	-2.48	-1.405	-0.82	-0.898 	-0.32	0.40	0.21
0.06	-0.440	-0.774	-0.85	-0.53	-1.71	-0.26	-0.60	-0.89	-2.19	-0.923	-0.62	-0.578 	0.01	0.70	0.47
0.07	-0.170	-0.467	-0.44	-0.28	-1.29	-0.01	-0.41	-0.55	-1.83	-0.613	-0.46	-0.309 	0.22	0.90	0.69
0.08	0.060	-0.218	0.00	0.12	-0.96	0.21	-0.23	-0.26	-1.44	-0.406	-0.21	0.047 	0.43	1.10	0.89
0.09	0.310	0.028	0.27	0.37	-0.67	0.41	-0.05	0.03	-1.15	-0.234	-0.04	0.292 	0.64	1.30	1.10
0.1	0.520	0.204	0.31	0.57	-0.38	0.62	0.16	0.28	-0.98	-0.061	0.13	0.460 	0.85	1.50	1.34
0.11	0.720	0.405	0.49	0.75	-0.15	0.78	0.35	0.52	-0.77	0.145	0.41	0.681 	1.05	1.70	1.48
0.12	0.940	0.629	0.63	0.99	0.08	0.96	0.47	0.75	-0.51	0.386	0.59	0.971 	1.23	1.90	1.66
0.13	1.110	0.833	0.78	1.21	0.30	1.08	0.64	0.97	-0.29	0.627	0.69	1.149 	1.40	2.00	1.82
0.14	1.320	1.075	0.85	1.33	0.56	1.22	0.82	1.18	-0.08	0.903	0.90	1.313 	1.57	2.20	1.96
0.15	1.500	1.235	0.95	1.52	0.74	1.42	0.97	1.39	0.08	1.144	1.06	1.516 	1.75	2.30	2.14
0.16	1.670	1.428	1.18	1.76	0.92	1.53	1.12	1.59	0.27	1.351	1.19	1.680 	1.92	2.50	2.30
0.17	1.830	1.623	1.30	1.92	1.13	1.66	1.24	1.78	0.44	1.523	1.35	1.849 	2.08	2.60	2.48
0.18	2.000	1.756	1.61	2.19	1.29	1.78	1.39	1.97	0.61	1.695	1.53	1.960 	2.23	2.80	2.61
0.19	2.130	1.922	1.71	2.33	1.49	1.93	1.50	2.15	0.84	1.833	1.64	2.167 	2.38	2.90	2.73
0.2	2.270	2.080	1.94	2.50	1.66	2.08	1.65	2.33	1.05	1.971	1.77	2.295 	2.52	3.10	2.89
0.21	2.420	2.225	2.17	2.71	1.84	2.21	1.80	2.51	1.22	2.108	1.87	2.411 	2.67	3.20	3.07
0.22	2.590	2.413	2.34	2.81	1.98	2.34	1.92	2.69	1.34	2.246	2.05	2.541 	2.82	3.30	3.26
0.23	2.740	2.582	2.41	2.93	2.13	2.46	2.03	2.86	1.54	2.418	2.18	2.677 	2.97	3.50	3.36
0.24	2.860	2.764	2.51	3.08	2.28	2.60	2.16	3.03	1.76	2.556	2.28	2.840 	3.10	3.60	3.51
0.25	2.990	2.899	2.67	3.23	2.44	2.70	2.29	3.20	1.94	2.728	2.42	2.959 	3.24	3.80	3.67
0.26	3.130	3.054	2.89	3.45	2.56	2.83	2.43	3.37	2.08	2.935	2.55	3.175 	3.37	3.90	3.83
0.27	3.290	3.206	2.97	3.60	2.71	2.97	2.56	3.53	2.23	3.107	2.70	3.329 	3.50	4.00	3.99
0.28	3.420	3.377	3.27	3.73	2.85	3.13	2.69	3.70	2.36	3.279	2.85	3.445 	3.63	4.10	4.11
0.29	3.580	3.529	3.40	3.87	3.04	3.26	2.79	3.86	2.52	3.452	2.97	3.596 	3.76	4.30	4.25
0.3	3.710	3.675	3.57	4.01	3.18	3.37	2.90	4.03	2.67	3.589	3.12	3.716 	3.89	4.40	4.37
0.31	3.820	3.846	3.69	4.08	3.39	3.47	3.02	4.19	2.83	3.727	3.25	3.837 	4.02	4.60	4.50
0.32	3.960	4.010	3.85	4.20	3.53	3.62	3.20	4.35	2.95	3.865	3.42	3.987 	4.15	4.70	4.70
0.33	4.090	4.156	3.96	4.38	3.67	3.77	3.33	4.51	3.05	4.003	3.50	4.153 	4.28	4.80	4.83
0.34	4.220	4.288	4.13	4.60	3.80	3.90	3.47	4.67	3.21	4.106	3.68	4.321 	4.42	4.90	4.93
0.35	4.370	4.408	4.30	4.79	3.95	4.02	3.60	4.83	3.41	4.209	3.77	4.453 	4.55	5.10	5.06
0.36	4.520	4.535	4.46	4.91	4.11	4.21	3.71	4.99	3.52	4.347	3.88	4.558 	4.68	5.20	5.19
0.37	4.680	4.670	4.58	5.08	4.28	4.34	3.83	5.15	3.65	4.485	3.98	4.689 	4.81	5.40	5.34
0.38	4.810	4.776	4.72	5.27	4.42	4.46	3.97	5.31	3.80	4.588	4.14	4.826 	4.94	5.50	5.46
0.39	4.930	4.897	4.87	5.35	4.57	4.56	4.12	5.47	3.96	4.726	4.32	4.933 	5.07	5.70	5.61
0.4	5.070	5.024	4.95	5.47	4.71	4.70	4.30	5.63	4.11	4.864	4.45	5.013 	5.21	5.80	5.74
0.41	5.260	5.179	5.09	5.62	4.83	4.84	4.43	5.79	4.25	5.036	4.61	5.159 	5.35	5.90	5.87
0.42	5.410	5.346	5.26	5.77	4.95	5.03	4.62	5.96	4.39	5.174	4.77	5.307 	5.49	6.10	6.02
0.43	5.530	5.476	5.35	5.90	5.09	5.14	4.74	6.12	4.57	5.311	4.97	5.390 	5.63	6.20	6.19
0.44	5.670	5.622	5.53	6.05	5.22	5.28	4.90	6.29	4.76	5.484	5.08	5.518 	5.77	6.30	6.36
0.45	5.790	5.732	5.72	6.19	5.42	5.44	5.03	6.45	4.97	5.656	5.24	5.652 	5.91	6.50	6.56
0.46	5.950	5.856	5.91	6.32	5.57	5.60	5.19	6.61	5.10	5.794	5.40	5.767 	6.05	6.70	6.73
0.47	6.080	6.022	6.06	6.42	5.75	5.78	5.35	6.78	5.30	6.000	5.64	5.981 	6.21	6.80	6.84
0.48	6.250	6.171	6.19	6.63	5.90	5.94	5.52	6.94	5.48	6.138	5.82	6.118 	6.36	6.90	6.98
0.49	6.410	6.299	6.41	6.84	6.03	6.09	5.66	7.11	5.67	6.310	5.88	6.263 	6.52	7.10	7.13
0.5	6.570	6.426	6.48	6.96	6.17	6.26	5.84	7.28	5.92	6.482	6.13	6.389 	6.68	7.20	7.28
0.51	6.740	6.617	6.75	7.10	6.29	6.40	6.05	7.44	6.05	6.655	6.28	6.547 	6.83	7.40	7.44
0.52	6.910	6.751	6.84	7.21	6.40	6.57	6.23	7.62	6.21	6.827	6.45	6.741 	6.99	7.50	7.61
0.53	7.050	6.878	7.10	7.35	6.59	6.74	6.44	7.79	6.39	6.999	6.56	6.926 	7.15	7.70	7.78
0.54	7.190	7.037	7.30	7.57	6.72	6.92	6.60	7.97	6.65	7.137	6.74	7.113 	7.32	7.80	7.93
0.55	7.350	7.239	7.55	7.69	6.89	7.07	6.76	8.15	6.80	7.275	6.93	7.212 	7.48	8.00	8.12
0.56	7.510	7.391	7.65	7.89	7.08	7.25	6.91	8.34	6.97	7.412	7.14	7.341 	7.64	8.20	8.31
0.57	7.680	7.577	7.74	8.07	7.23	7.44	7.13	8.52	7.21	7.550	7.39	7.476 	7.81	8.30	8.49
0.58	7.840	7.706	7.88	8.14	7.39	7.60	7.34	8.71	7.39	7.688	7.63	7.643 	7.97	8.50	8.63
0.59	8.000	7.866	8.19	8.46	7.58	7.76	7.58	8.91	7.59	7.791	7.77	7.792 	8.13	8.70	8.78
0.6	8.160	8.035	8.43	8.63	7.76	7.93	7.77	9.10	7.74	7.963	7.91	7.961 	8.30	8.90	9.00
0.61	8.320	8.215	8.54	8.85	7.93	8.12	7.97	9.30	7.93	8.101	8.02	8.098 	8.47	9.00	9.18
0.62	8.460	8.427	8.90	8.98	8.14	8.34	8.13	9.49	8.18	8.239	8.31	8.272 	8.63	9.20	9.34
0.63	8.640	8.573	8.99	9.20	8.34	8.57	8.30	9.70	8.30	8.446	8.46	8.453 	8.80	9.40	9.53
0.64	8.820	8.780	9.16	9.39	8.55	8.76	8.50	9.90	8.55	8.618	8.73	8.577 	8.97	9.60	9.74
0.65	9.020	8.983	9.30	9.63	8.71	9.03	8.74	10.11	8.76	8.790	8.95	8.749 	9.20	9.80	9.91
0.66	9.200	9.162	9.57	9.81	8.91	9.26	8.96	10.32	8.95	8.997	9.21	8.966 	9.45	10.00	10.13
0.67	9.460	9.352	9.82	10.13	9.13	9.46	9.17	10.54	9.18	9.169	9.36	9.164 	9.70	10.20	10.32
0.68	9.680	9.501	9.99	10.47	9.35	9.69	9.35	10.76	9.39	9.307	9.54	9.387 	9.94	10.40	10.55
0.69	9.850	9.701	10.24	10.74	9.54	9.93	9.56	10.99	9.59	9.479	9.83	9.555 	10.19	10.60	10.72
0.7	10.130	9.868	10.59	11.07	9.74	10.14	9.86	11.21	9.79	9.651	10.08	9.775 	10.44	10.80	10.97
0.71	10.310	10.079	10.76	11.32	9.94	10.34	10.06	11.44	10.01	9.823	10.26	9.920 	10.68	11.00	11.21
0.72	10.540	10.258	11.14	11.63	10.14	10.66	10.35	11.68	10.16	9.995	10.59	10.259 	10.93	11.20	11.41
0.73	10.770	10.490	11.29	11.71	10.38	10.92	10.66	11.92	10.35	10.202	10.85	10.495 	11.17	11.40	11.66
0.74	11.000	10.696	11.51	11.97	10.61	11.18	10.88	12.17	10.57	10.409	11.00	10.716 	11.41	11.70	11.90
0.75	11.240	10.930	11.82	12.23	10.77	11.37	11.09	12.41	10.83	10.650	11.42	11.000 	11.65	11.90	12.10
0.76	11.490	11.162	12.19	12.53	11.04	11.61	11.38	12.66	11.10	10.891	11.60	11.232 	11.89	12.10	12.37
0.77	11.710	11.348	12.42	12.68	11.25	11.80	11.58	12.92	11.41	11.132	11.82	11.566 	12.13	12.40	12.61
0.78	12.000	11.597	12.73	13.03	11.52	12.10	11.83	13.17	11.74	11.408	12.12	11.778 	12.38	12.60	12.86
0.79	12.250	11.827	12.84	13.23	11.81	12.43	12.12	13.44	12.03	11.683	12.44	12.034 	12.62	12.90	13.15
0.8	12.510	12.146	13.07	13.53	12.04	12.73	12.39	13.71	12.37	11.924	12.68	12.351 	12.86	13.10	13.46
0.81	12.790	12.427	13.26	13.74	12.26	12.87	12.74	13.98	12.65	12.234	13.08	12.569 	13.14	13.40	13.71
0.82	13.100	12.687	13.46	14.03	12.56	13.20	13.07	14.26	12.95	12.510	13.42	12.802 	13.47	13.70	14.00
0.83	13.380	12.943	13.74	14.28	12.83	13.47	13.30	14.55	13.22	12.820	13.88	13.081 	13.79	13.90	14.30
0.84	13.660	13.226	14.17	14.65	13.10	13.85	13.59	14.84	13.63	13.095	14.10	13.390 	14.12	14.30	14.64
0.85	13.960	13.527	14.51	14.83	13.35	14.19	13.92	15.14	14.05	13.371	14.31	13.705 	14.47	14.60	14.99
0.86	14.330	13.868	14.76	15.15	13.64	14.51	14.21	15.45	14.50	13.646	14.57	13.931 	14.82	14.90	15.31
0.87	14.620	14.250	14.97	15.44	13.99	14.96	14.62	15.78	14.88	13.922	14.75	14.370 	15.17	15.20	15.74
0.88	14.910	14.632	15.23	15.85	14.34	15.30	14.87	16.12	15.26	14.266	15.31	14.648 	15.53	15.60	16.10
0.89	15.250	14.874	15.52	16.38	14.73	15.77	15.20	16.47	15.70	14.645	16.01	14.976 	15.88	16.10	16.48
0.9	15.640	15.318	15.72	16.60	15.11	16.19	15.51	16.84	16.03	15.024	16.56	15.370 	16.28	16.50	17.00
0.91	16.010	15.673	16.16	16.84	15.44	16.61	15.91	17.23	16.43	15.403	17.04	15.747 	16.70	16.90	17.29
0.92	16.520	16.017	16.59	17.28	15.81	16.96	16.32	17.63	16.77	15.851	17.31	16.251 	17.13	17.30	17.74
0.93	16.980	16.435	17.05	17.72	16.16	17.30	16.79	18.06	17.27	16.333	17.71	16.832 	17.58	17.70	18.13
0.94	17.450	16.888	17.62	18.14	16.65	17.73	17.19	18.52	17.75	16.918	18.22	17.353 	18.03	18.20	18.70
0.95	18.060	17.447	17.90	19.02	17.11	18.13	17.61	19.01	18.20	17.504	18.33	17.914 	18.49	18.70	19.05
0.96	18.690	18.133	18.59	19.40	17.82	18.57	17.94	19.56	18.82	18.193	18.70	18.622 	18.95	19.30	19.62
0.97	19.220	18.963	19.40	20.13	18.44	19.14	18.32	20.17	19.51	18.950	19.11	19.412 	19.53	19.90	20.20
0.98	19.870	19.829	20.60	20.81	19.03	19.57	18.81	20.92	20.40	19.949	19.39	20.048 	20.18	20.60	20.76
0.99	20.670	20.952	21.44	21.65	19.82	20.12	19.21	21.94	21.49	21.223	20.09	20.901 	21.02	21.50	21.55
1	22.340	27.626	24.88	24.57	20.92	21.27	19.86	25.66	27.44	27.640	24.43	23.336 	23.99	23.50	23.15
