0	-133.93	-128.10	-128.39	-132.37	-132.66	-133.46 	-130.20	-126.19	-128.50	-123.16	-124.00	-131.46	-133.00	-127.573097	-132.21	-130.57	-129.66
0.01	-121.74	-121.36	-122.24	-121.29	-122.11	-121.43 	-120.72	-118.59	-120.98	-117.07	-115.20	-121.49	-120.05	-119.481781	-122.22	-121.76	-121.57
0.02	-119.62	-119.09	-119.50	-119.11	-119.10	-119.31 	-118.90	-117.07	-118.87	-115.57	-114.40	-119.25	-118.38	-117.894691	-120.27	-119.65	-119.40
0.03	-117.98	-118.03	-117.90	-117.76	-117.59	-117.75 	-117.81	-115.90	-117.81	-114.68	-113.70	-117.76	-117.06	-116.856407	-118.90	-118.15	-117.76
0.04	-116.99	-117.05	-117.06	-116.72	-116.83	-116.79 	-116.74	-115.07	-116.95	-114.07	-113.20	-116.74	-116.14	-116.058762	-117.93	-117.20	-116.80
0.05	-116.12	-116.37	-116.07	-115.83	-116.08	-115.97 	-115.92	-114.44	-116.10	-113.50	-112.70	-115.96	-115.33	-115.391159	-116.99	-116.44	-115.98
0.06	-115.51	-115.53	-115.47	-115.10	-115.33	-115.23 	-115.24	-113.99	-115.19	-113.00	-112.40	-115.29	-114.85	-114.808289	-116.13	-115.63	-115.25
0.07	-114.87	-114.85	-114.91	-114.45	-114.95	-114.57 	-114.58	-113.49	-114.40	-112.48	-112.00	-114.72	-114.38	-114.28212	-115.36	-114.87	-114.59
0.08	-114.38	-114.25	-114.35	-113.87	-114.38	-113.96 	-114.04	-113.07	-113.67	-112.06	-111.70	-114.17	-113.75	-113.77021	-114.62	-114.29	-114.00
0.09	-113.80	-113.56	-113.89	-113.33	-113.82	-113.50 	-113.50	-112.63	-113.21	-111.57	-111.50	-113.65	-113.35	-113.316322	-114.27	-113.82	-113.47
0.1	-113.34	-113.11	-113.18	-112.82	-113.44	-113.05 	-113.04	-112.13	-112.60	-111.14	-111.20	-113.06	-112.75	-112.878021	-113.68	-113.36	-112.95
0.11	-112.82	-112.66	-112.76	-112.32	-112.88	-112.57 	-112.56	-111.70	-112.08	-110.76	-110.90	-112.61	-112.32	-112.480591	-113.26	-112.85	-112.43
0.12	-112.40	-112.20	-112.32	-111.85	-112.36	-112.11 	-112.08	-111.39	-111.52	-110.38	-110.73	-112.17	-111.93	-112.094009	-112.88	-112.36	-112.11
0.13	-111.93	-111.67	-111.59	-111.43	-111.88	-111.66 	-111.74	-111.01	-111.09	-109.96	-110.47	-111.69	-111.36	-111.707832	-112.64	-112.00	-111.54
0.14	-111.56	-111.22	-111.29	-111.01	-111.19	-111.22 	-111.39	-110.68	-110.72	-109.64	-110.24	-111.30	-111.00	-111.334969	-112.09	-111.51	-111.03
0.15	-111.22	-110.92	-110.91	-110.62	-110.82	-110.82 	-110.92	-110.36	-110.35	-109.36	-110.00	-110.87	-110.71	-110.968323	-111.77	-111.09	-110.69
0.16	-110.86	-110.46	-110.52	-110.24	-110.44	-110.43 	-110.47	-109.99	-109.90	-109.03	-109.75	-110.40	-110.19	-110.617439	-111.40	-110.73	-110.36
0.17	-110.43	-110.01	-110.20	-109.85	-110.07	-110.07 	-110.15	-109.68	-109.91	-108.70	-109.50	-110.07	-109.88	-110.299889	-111.10	-110.34	-109.96
0.18	-110.05	-109.70	-109.89	-109.49	-109.70	-109.70 	-109.82	-109.33	-109.39	-108.45	-109.27	-109.68	-109.59	-109.960381	-110.67	-110.02	-109.54
0.19	-109.74	-109.40	-109.70	-109.15	-109.32	-109.32 	-109.52	-108.93	-108.95	-108.11	-109.05	-109.35	-109.14	-109.642303	-110.35	-109.66	-109.24
0.2	-109.33	-109.02	-109.22	-108.80	-108.95	-108.99 	-109.15	-108.63	-108.50	-107.82	-108.80	-109.03	-108.91	-109.312988	-110.00	-109.31	-108.96
0.21	-108.97	-108.64	-108.95	-108.45	-108.58	-108.61 	-108.81	-108.33	-108.04	-107.48	-108.52	-108.69	-108.62	-108.996628	-109.64	-108.93	-108.60
0.22	-108.58	-108.34	-108.73	-108.11	-108.20	-108.26 	-108.45	-108.06	-107.74	-107.23	-108.26	-108.36	-108.40	-108.695183	-109.21	-108.61	-108.20
0.23	-108.22	-108.04	-108.41	-107.80	-107.83	-107.92 	-108.15	-107.78	-107.52	-106.96	-108.06	-108.02	-108.17	-108.397453	-108.82	-108.30	-107.84
0.24	-107.85	-107.66	-108.17	-107.46	-107.46	-107.62 	-107.85	-107.54	-107.21	-106.71	-107.73	-107.71	-107.69	-108.08416	-108.39	-107.97	-107.50
0.25	-107.52	-107.36	-107.66	-107.14	-107.08	-107.26 	-107.58	-107.24	-106.79	-106.31	-107.51	-107.36	-107.44	-107.768204	-108.09	-107.65	-107.19
0.26	-107.23	-107.13	-107.33	-106.83	-106.71	-106.94 	-107.27	-106.94	-106.51	-106.03	-107.26	-107.05	-107.16	-107.466408	-107.76	-107.33	-106.83
0.27	-106.91	-106.83	-106.97	-106.51	-106.46	-106.59 	-106.94	-106.64	-106.27	-105.73	-106.99	-106.72	-106.70	-107.15934	-107.44	-106.99	-106.53
0.28	-106.57	-106.53	-106.66	-106.18	-106.17	-106.24 	-106.67	-106.32	-105.95	-105.48	-106.73	-106.41	-106.47	-106.874413	-107.08	-106.68	-106.25
0.29	-106.32	-106.30	-106.38	-105.88	-105.96	-105.93 	-106.36	-105.98	-105.62	-105.17	-106.41	-106.09	-106.21	-106.58004	-106.80	-106.35	-105.89
0.3	-106.02	-106.00	-106.07	-105.57	-105.59	-105.62 	-106.01	-105.68	-105.34	-104.89	-106.10	-105.76	-105.96	-106.282242	-106.51	-106.04	-105.56
0.31	-105.68	-105.69	-105.63	-105.26	-105.22	-105.33 	-105.74	-105.39	-104.96	-104.65	-105.77	-105.41	-105.50	-105.976295	-106.16	-105.71	-105.25
0.32	-105.36	-105.31	-105.37	-104.95	-104.85	-105.03 	-105.51	-105.10	-104.65	-104.29	-105.51	-105.05	-105.23	-105.66732	-105.82	-105.41	-105.00
0.33	-105.01	-105.01	-104.92	-104.65	-104.47	-104.71 	-105.19	-104.81	-104.31	-103.99	-105.25	-104.78	-105.00	-105.372414	-105.57	-105.09	-104.72
0.34	-104.69	-104.71	-104.40	-104.34	-104.22	-104.37 	-104.92	-104.52	-103.96	-103.65	-104.98	-104.44	-104.77	-105.06266	-105.27	-104.77	-104.36
0.35	-104.37	-104.41	-104.13	-104.04	-103.93	-104.09 	-104.63	-104.21	-103.52	-103.37	-104.66	-104.15	-104.32	-104.747093	-104.97	-104.52	-104.14
0.36	-104.05	-104.10	-103.77	-103.72	-103.73	-103.79 	-104.31	-103.99	-103.23	-103.07	-104.35	-103.83	-104.09	-104.439476	-104.72	-104.22	-103.84
0.37	-103.73	-103.72	-103.51	-103.42	-103.54	-103.48 	-103.92	-103.73	-102.94	-102.72	-104.00	-103.51	-103.86	-104.128639	-104.38	-103.89	-103.49
0.38	-103.42	-103.35	-103.18	-103.11	-103.35	-103.13 	-103.62	-103.46	-102.69	-102.47	-103.75	-103.19	-103.57	-103.819839	-103.96	-103.59	-103.12
0.39	-103.10	-103.04	-103.00	-102.81	-102.98	-102.83 	-103.31	-103.21	-102.42	-102.21	-103.41	-102.87	-103.08	-103.500549	-103.62	-103.26	-102.82
0.4	-102.73	-102.59	-102.66	-102.51	-102.61	-102.49 	-103.00	-102.89	-102.13	-101.95	-103.10	-102.59	-102.87	-103.167717	-103.28	-103.01	-102.50
0.41	-102.39	-102.29	-102.44	-102.19	-102.23	-102.16 	-102.70	-102.63	-101.76	-101.65	-102.81	-102.31	-102.66	-102.84108	-103.01	-102.70	-102.21
0.42	-102.07	-102.14	-102.17	-101.87	-101.98	-101.85 	-102.44	-102.31	-101.45	-101.33	-102.50	-102.03	-102.42	-102.525482	-102.60	-102.39	-101.89
0.43	-101.74	-101.83	-101.76	-101.54	-101.69	-101.55 	-102.02	-101.96	-101.08	-100.96	-102.23	-101.69	-102.20	-102.205437	-102.18	-102.11	-101.56
0.44	-101.40	-101.53	-101.47	-101.24	-101.49	-101.24 	-101.75	-101.61	-100.78	-100.65	-101.87	-101.41	-101.73	-101.882149	-101.90	-101.79	-101.29
0.45	-101.04	-101.15	-101.18	-100.91	-101.11	-100.89 	-101.42	-101.32	-100.36	-100.34	-101.50	-101.10	-101.46	-101.565742	-101.57	-101.45	-100.95
0.46	-100.73	-100.85	-100.91	-100.58	-100.74	-100.56 	-101.08	-101.07	-100.06	-100.04	-101.18	-100.76	-101.19	-101.227592	-101.27	-101.14	-100.62
0.47	-100.39	-100.55	-100.73	-100.26	-100.37	-100.25 	-100.75	-100.75	-99.64	-99.70	-100.79	-100.41	-100.94	-100.889496	-100.86	-100.85	-100.31
0.48	-100.02	-100.17	-100.51	-99.92	-100.00	-99.90 	-100.34	-100.38	-99.26	-99.31	-100.48	-100.09	-100.49	-100.532646	-100.53	-100.57	-99.97
0.49	-99.70	-99.86	-100.19	-99.59	-99.62	-99.58 	-99.99	-100.04	-99.03	-98.99	-100.12	-99.77	-100.23	-100.174568	-100.15	-100.21	-99.57
0.5	-99.37	-99.56	-99.79	-99.24	-99.25	-99.22 	-99.70	-99.66	-98.64	-98.63	-99.70	-99.35	-99.96	-99.80896	-99.83	-99.84	-99.29
0.51	-98.99	-99.18	-99.34	-98.89	-98.88	-98.85 	-99.32	-99.28	-98.30	-98.27	-99.39	-98.97	-99.68	-99.445633	-99.44	-99.50	-98.93
0.52	-98.61	-98.88	-98.88	-98.54	-98.50	-98.52 	-98.95	-98.91	-97.92	-97.98	-98.98	-98.62	-99.17	-99.074364	-99.08	-99.06	-98.61
0.53	-98.21	-98.50	-98.33	-98.19	-98.13	-98.14 	-98.57	-98.57	-97.63	-97.65	-98.61	-98.27	-98.85	-98.690048	-98.81	-98.68	-98.24
0.54	-97.83	-98.20	-97.98	-97.83	-97.76	-97.74 	-98.16	-98.21	-97.30	-97.36	-98.30	-97.91	-98.35	-98.316078	-98.46	-98.32	-97.93
0.55	-97.45	-97.74	-97.65	-97.46	-97.38	-97.36 	-97.78	-97.74	-96.99	-96.94	-97.93	-97.54	-98.07	-97.915085	-98.08	-97.95	-97.60
0.56	-97.10	-97.37	-97.15	-97.09	-97.01	-96.99 	-97.39	-97.33	-96.67	-96.58	-97.54	-97.15	-97.77	-97.527908	-97.57	-97.52	-97.26
0.57	-96.63	-97.06	-96.91	-96.70	-96.64	-96.58 	-97.07	-96.90	-96.31	-96.14	-96.21	-96.82	-97.46	-97.108841	-97.21	-97.17	-96.85
0.58	-96.24	-96.61	-96.59	-96.32	-96.26	-96.21 	-96.71	-96.54	-95.97	-95.82	-96.80	-96.45	-96.94	-96.694595	-96.86	-96.80	-96.49
0.59	-95.82	-96.23	-96.21	-95.92	-95.94	-95.78 	-96.34	-96.06	-95.48	-95.39	-96.44	-96.07	-96.66	-96.292732	-96.34	-96.38	-96.05
0.6	-95.40	-95.85	-95.79	-95.53	-95.57	-95.37 	-95.92	-95.57	-95.07	-95.02	-96.07	-95.67	-96.32	-95.884377	-95.84	-95.93	-95.65
0.61	-94.98	-95.40	-95.29	-95.11	-95.17	-94.99 	-95.43	-95.14	-94.77	-94.59	-95.72	-95.27	-95.83	-95.447472	-95.46	-95.47	-95.24
0.62	-94.57	-95.02	-95.02	-94.71	-94.97	-94.56 	-94.94	-94.79	-94.35	-94.26	-95.39	-94.87	-95.49	-95.022804	-94.99	-95.09	-94.83
0.63	-94.06	-94.64	-94.75	-94.28	-94.47	-94.07 	-94.53	-94.45	-93.88	-93.85	-95.02	-94.42	-95.17	-94.58989	-94.63	-94.70	-94.44
0.64	-93.63	-94.19	-94.42	-93.85	-93.97	-93.70 	-93.97	-94.13	-93.50	-93.42	-94.67	-93.96	-94.63	-94.109543	-94.08	-94.24	-93.97
0.65	-93.18	-93.81	-93.90	-93.39	-93.47	-93.24 	-93.58	-93.66	-92.92	-92.91	-94.27	-93.54	-94.31	-93.626091	-93.81	-93.84	-93.61
0.66	-92.75	-93.35	-93.63	-92.92	-92.96	-92.75 	-93.11	-93.27	-92.53	-92.39	-93.91	-93.09	-94.01	-93.150032	-93.39	-93.40	-93.27
0.67	-92.21	-92.90	-93.19	-92.46	-92.46	-92.23 	-92.67	-92.84	-92.12	-92.09	-93.50	-92.65	-93.37	-92.700623	-93.01	-92.99	-92.79
0.68	-91.69	-92.37	-92.74	-91.98	-91.96	-91.80 	-92.26	-92.42	-91.52	-91.55	-93.08	-92.15	-92.91	-92.23175	-92.53	-92.52	-92.23
0.69	-91.26	-91.99	-92.21	-91.47	-91.46	-91.35 	-91.68	-91.93	-91.07	-91.09	-92.68	-91.70	-92.49	-91.711685	-92.13	-91.99	-91.73
0.7	-90.75	-91.46	-91.78	-90.99	-90.93	-90.82 	-91.11	-91.56	-90.55	-90.48	-92.20	-91.15	-91.89	-91.164047	-91.59	-91.46	-91.20
0.71	-90.28	-90.93	-91.33	-90.50	-90.45	-90.35 	-90.61	-91.03	-89.68	-90.07	-91.70	-90.63	-91.49	-90.611702	-91.08	-91.02	-90.78
0.72	-89.78	-90.40	-90.69	-89.99	-89.89	-89.83 	-90.19	-90.58	-89.11	-89.61	-91.21	-90.11	-90.87	-90.075516	-90.66	-90.49	-90.35
0.73	-89.10	-89.87	-90.25	-89.47	-89.32	-89.33 	-89.68	-90.02	-88.65	-88.99	-90.72	-89.52	-90.47	-89.491867	-90.20	-90.02	-89.80
0.74	-88.60	-89.34	-89.58	-88.94	-88.74	-88.78 	-89.17	-89.58	-88.23	-88.62	-90.22	-88.99	-90.09	-88.937607	-89.61	-89.48	-89.29
0.75	-87.99	-88.89	-89.09	-88.40	-88.19	-88.24 	-88.61	-89.07	-87.71	-88.00	-89.61	-88.40	-89.43	-88.374001	-88.97	-88.93	-88.72
0.76	-87.32	-88.36	-88.30	-87.82	-87.63	-87.65 	-87.90	-88.46	-87.22	-87.41	-89.02	-87.88	-88.94	-87.797478	-88.47	-88.39	-88.03
0.77	-86.77	-87.83	-87.87	-87.25	-87.01	-87.14 	-87.38	-87.79	-86.71	-86.75	-88.48	-87.32	-88.29	-87.202934	-88.05	-87.85	-87.38
0.78	-86.24	-87.30	-87.22	-86.67	-86.41	-86.54 	-86.73	-87.22	-86.08	-86.20	-87.82	-86.75	-87.72	-86.606148	-87.46	-87.13	-86.85
0.79	-85.64	-86.77	-86.56	-86.10	-85.93	-85.97 	-86.15	-86.62	-85.52	-85.62	-87.25	-86.10	-87.00	-86.003029	-87.10	-86.50	-86.19
0.8	-85.04	-86.09	-85.70	-85.49	-85.18	-85.32 	-85.55	-85.95	-84.91	-84.96	-86.70	-85.51	-86.45	-85.385117	-86.43	-85.79	-85.47
0.81	-84.42	-85.48	-85.20	-84.86	-84.61	-84.63 	-84.91	-85.44	-84.45	-84.28	-86.02	-84.97	-85.78	-84.746902	-85.53	-85.13	-84.89
0.82	-83.74	-84.88	-84.63	-84.22	-84.00	-84.02 	-84.32	-84.77	-83.77	-83.84	-85.44	-84.34	-85.18	-84.102951	-85.03	-84.42	-84.18
0.83	-83.13	-84.20	-84.10	-83.58	-83.35	-83.41 	-83.61	-84.15	-83.32	-83.18	-84.75	-83.71	-84.35	-83.432327	-84.35	-83.70	-83.59
0.84	-82.51	-83.59	-82.93	-82.93	-82.91	-82.73 	-82.89	-83.45	-82.76	-82.41	-84.01	-83.12	-83.60	-82.812233	-83.85	-82.94	-82.85
0.85	-81.83	-82.91	-82.36	-82.26	-82.16	-82.03 	-82.19	-82.84	-81.99	-81.86	-83.27	-82.40	-83.08	-82.102394	-83.11	-82.30	-82.02
0.86	-81.24	-82.00	-81.78	-81.55	-81.41	-81.29 	-81.52	-81.98	-81.39	-81.17	-82.50	-81.75	-82.29	-81.401161	-82.39	-81.56	-81.35
0.87	-80.48	-81.32	-81.18	-80.83	-80.65	-80.57 	-80.98	-81.44	-80.63	-80.50	-81.65	-81.06	-81.63	-80.653282	-81.54	-80.87	-80.55
0.88	-79.77	-80.49	-80.31	-80.07	-79.90	-79.86 	-80.20	-80.58	-79.86	-79.84	-80.80	-80.26	-80.57	-79.944626	-80.63	-80.04	-79.93
0.89	-78.92	-79.73	-79.56	-79.32	-79.15	-79.09 	-79.38	-79.79	-78.92	-78.87	-80.05	-79.49	-79.75	-79.184441	-79.84	-79.15	-79.16
0.9	-78.14	-78.67	-78.94	-78.56	-78.39	-78.30 	-78.70	-78.84	-78.26	-78.00	-79.40	-78.61	-78.68	-78.430931	-79.10	-78.28	-78.26
0.91	-77.30	-77.84	-78.12	-77.75	-77.64	-77.53 	-77.96	-78.09	-77.49	-77.13	-78.82	-77.73	-77.92	-77.597672	-78.28	-77.47	-77.42
0.92	-76.40	-76.93	-77.43	-76.90	-76.88	-76.62 	-77.48	-77.33	-76.41	-76.43	-77.70	-76.79	-76.87	-76.72464	-77.59	-76.58	-76.51
0.93	-75.52	-75.87	-76.33	-75.99	-76.13	-75.60 	-76.84	-76.53	-75.54	-75.66	-76.90	-75.78	-75.97	-75.751297	-76.83	-75.67	-75.72
0.94	-74.41	-75.04	-75.09	-75.01	-75.38	-74.67 	-75.89	-75.51	-74.76	-74.71	-75.95	-74.82	-74.78	-74.716576	-75.89	-74.59	-74.92
0.95	-73.49	-73.83	-73.65	-73.89	-74.62	-73.59 	-74.88	-74.49	-73.51	-73.72	-74.80	-73.77	-73.47	-73.606163	-75.05	-73.51	-73.78
0.96	-72.18	-72.54	-72.47	-72.65	-73.12	-72.35 	-73.64	-72.88	-72.45	-72.55	-73.60	-72.54	-72.05	-72.371094	-73.71	-72.35	-72.57
0.97	-70.83	-71.10	-71.33	-71.16	-71.61	-70.87 	-72.24	-71.44	-70.85	-70.97	-72.40	-71.10	-70.05	-70.858681	-72.71	-70.94	-71.25
0.98	-69.18	-69.21	-69.08	-69.33	-69.35	-69.08 	-70.78	-69.91	-68.96	-68.44	-70.90	-69.33	-68.27	-68.949799	-71.39	-69.11	-69.32
0.99	-66.81	-66.10	-66.83	-66.61	-66.33	-66.42 	-69.04	-67.03	-66.79	-65.31	-68.74	-66.93	-65.67	-66.189354	-69.23	-66.59	-66.81
1	-56.20	-52.40	-56.88	-54.07	-60.30	-51.37 	-53.62	-55.37	-59.13	-56.65	-60.00	-49.64	-50.25	-53.646397	-66.18	-55.27	-60.81
