0	-8.30	-7.54	-8.94	-4.66	-8.27	-9.49	-4.39	-3.37	-10.50	-5.73	-19.80	-6.59	-9.33	-5.11	-6.80	-6.68
0.01	-2.53	-2.49	-3.53	-0.70	-3.78	-2.86	-1.99	-0.89	-2.81	-2.25	-5.86	-2.03	-3.21	-1.84	-0.60	-1.86
0.02	-1.49	-1.44	-2.80	0.10	-2.58	-1.65	-1.08	-0.21	-1.71	-1.12	-4.30	-1.04	-1.92	-0.97	0.30	-0.83
0.03	-0.87	-0.82	-2.05	0.66	-1.51	-0.79	-0.57	0.03	-0.99	-0.42	-3.22	-0.40	-1.17	-0.33	0.70	-0.21
0.04	-0.25	-0.30	-1.19	1.04	-0.43	-0.25	-0.25	0.37	-0.46	0.22	-2.47	0.05	-0.68	0.19	1.20	0.47
0.05	0.19	0.01	-0.62	1.37	0.18	0.19	0.06	0.79	-0.01	1.02	-1.87	0.40	-0.25	0.58	1.60	0.85
0.06	0.53	0.39	-0.15	1.67	0.71	0.54	0.38	1.13	0.36	1.39	-1.39	0.74	0.11	0.97	1.90	1.13
0.07	0.86	0.76	0.16	1.92	1.17	0.82	0.63	1.38	0.69	1.69	-0.96	1.03	0.49	1.24	2.30	1.54
0.08	1.14	1.04	0.54	2.15	1.59	1.15	0.91	1.65	1.01	1.95	-0.58	1.31	0.78	1.51	2.60	1.93
0.09	1.38	1.35	0.78	2.45	1.75	1.40	1.13	1.89	1.27	2.44	-0.21	1.57	1.06	1.78	2.80	2.28
0.1	1.66	1.65	1.21	2.67	2.10	1.66	1.37	2.07	1.53	2.79	0.06	1.83	1.30	2.04	3.10	2.59
0.11	1.90	1.85	1.38	2.87	2.26	1.88	1.51	2.30	1.76	3.09	0.39	2.02	1.62	2.27	3.30	2.87
0.12	2.10	2.09	1.75	3.11	2.45	2.17	1.71	2.48	1.99	3.29	0.71	2.26	1.88	2.50	3.50	3.13
0.13	2.30	2.30	1.92	3.26	2.65	2.35	1.90	2.65	2.20	3.46	0.98	2.45	2.10	2.73	3.70	3.40
0.14	2.50	2.55	2.12	3.46	2.83	2.52	2.12	2.79	2.41	3.72	1.25	2.66	2.39	2.96	3.90	3.66
0.15	2.73	2.75	2.44	3.66	3.18	2.77	2.32	2.93	2.61	3.89	1.52	2.87	2.55	3.15	4.10	3.84
0.16	2.91	2.94	2.69	3.84	3.51	2.99	2.53	3.06	2.80	4.22	1.73	3.07	2.74	3.33	4.30	4.04
0.17	3.11	3.11	2.93	4.02	3.82	3.16	2.67	3.21	2.99	4.38	2.00	3.23	2.95	3.51	4.40	4.23
0.18	3.30	3.31	3.13	4.20	4.13	3.40	2.83	3.38	3.17	4.59	2.22	3.43	3.14	3.69	4.60	4.43
0.19	3.50	3.51	3.32	4.39	4.28	3.60	2.98	3.56	3.34	4.79	2.49	3.61	3.33	3.87	4.70	4.61
0.2	3.70	3.67	3.63	4.56	4.46	3.80	3.12	3.73	3.52	5.07	2.70	3.78	3.54	4.05	4.90	4.79
0.21	3.87	3.83	3.85	4.75	4.67	3.96	3.30	3.84	3.69	5.25	2.92	3.96	3.71	4.24	5.00	4.92
0.22	4.07	4.02	4.10	4.91	4.95	4.13	3.47	4.01	3.85	5.37	3.13	4.13	3.85	4.42	5.20	5.15
0.23	4.23	4.20	4.32	5.07	5.24	4.28	3.65	4.18	4.02	5.49	3.35	4.30	4.05	4.61	5.30	5.32
0.24	4.38	4.37	4.50	5.24	5.38	4.44	3.84	4.35	4.19	5.65	3.56	4.47	4.24	4.80	5.50	5.51
0.25	4.56	4.58	4.68	5.36	5.61	4.56	3.99	4.48	4.35	5.94	3.78	4.62	4.48	4.99	5.60	5.67
0.26	4.75	4.75	4.87	5.53	5.88	4.73	4.18	4.66	4.51	6.12	3.99	4.80	4.74	5.15	5.80	5.88
0.27	4.92	4.94	5.04	5.70	5.97	4.91	4.35	4.80	4.67	6.24	4.15	4.97	4.93	5.31	6.00	6.08
0.28	5.11	5.07	5.27	5.87	6.33	5.09	4.47	4.97	4.84	6.44	4.37	5.12	5.11	5.46	6.10	6.26
0.29	5.29	5.24	5.41	6.06	6.44	5.24	4.64	5.11	5.00	6.55	4.59	5.29	5.30	5.62	6.30	6.42
0.3	5.48	5.42	5.59	6.22	6.59	5.41	4.78	5.24	5.16	6.78	4.75	5.46	5.51	5.78	6.40	6.62
0.31	5.67	5.60	5.75	6.34	6.87	5.59	4.94	5.43	5.31	7.02	4.96	5.62	5.66	5.94	6.60	6.79
0.32	5.83	5.74	5.86	6.54	7.10	5.77	5.08	5.58	5.47	7.22	5.18	5.78	5.81	6.11	6.80	6.97
0.33	6.02	5.93	5.99	6.69	7.27	5.88	5.25	5.73	5.63	7.42	5.34	5.94	5.95	6.28	6.90	7.16
0.34	6.17	6.11	6.17	6.85	7.45	6.05	5.43	5.90	5.80	7.66	5.55	6.11	6.15	6.45	7.10	7.35
0.35	6.30	6.28	6.38	7.04	7.53	6.21	5.59	6.05	5.96	7.85	5.77	6.28	6.34	6.62	7.30	7.56
0.36	6.48	6.43	6.58	7.24	7.71	6.40	5.75	6.23	6.12	8.04	5.98	6.45	6.47	6.80	7.40	7.69
0.37	6.64	6.60	6.82	7.42	7.94	6.56	5.92	6.38	6.28	8.23	6.15	6.63	6.66	6.97	7.50	7.89
0.38	6.76	6.74	7.01	7.59	8.11	6.72	6.09	6.57	6.45	8.44	6.36	6.78	6.82	7.14	7.70	8.07
0.39	6.90	6.92	7.20	7.77	8.32	6.87	6.27	6.77	6.61	8.65	6.52	6.95	6.98	7.30	7.90	8.24
0.4	7.03	7.07	7.31	7.93	8.56	7.04	6.49	6.99	6.78	8.83	6.74	7.13	7.12	7.47	8.00	8.46
0.41	7.17	7.24	7.50	8.10	8.71	7.20	6.62	7.17	6.95	9.01	6.90	7.29	7.26	7.64	8.20	8.66
0.42	7.32	7.40	7.66	8.25	8.93	7.34	6.75	7.38	7.11	9.18	7.12	7.43	7.41	7.80	8.40	8.85
0.43	7.46	7.56	7.85	8.45	9.16	7.49	6.97	7.55	7.27	9.39	7.33	7.61	7.58	7.97	8.50	9.02
0.44	7.68	7.75	7.96	8.57	9.27	7.63	7.16	7.73	7.44	9.55	7.55	7.78	7.78	8.15	8.70	9.20
0.45	7.78	7.90	8.08	8.74	9.50	7.80	7.35	7.89	7.60	9.71	7.76	7.94	7.94	8.32	8.80	9.41
0.46	7.96	8.05	8.27	8.89	9.79	7.97	7.55	8.09	7.77	9.87	7.98	8.11	8.14	8.50	9.00	9.60
0.47	8.15	8.21	8.44	9.10	9.96	8.11	7.72	8.27	7.94	9.99	8.14	8.28	8.28	8.67	9.10	9.78
0.48	8.38	8.37	8.56	9.30	10.06	8.27	7.92	8.42	8.11	10.13	8.35	8.46	8.46	8.85	9.30	9.97
0.49	8.57	8.51	8.76	9.48	10.22	8.43	8.13	8.60	8.28	10.30	8.57	8.63	8.67	9.03	9.50	10.15
0.5	8.73	8.69	8.96	9.68	10.54	8.61	8.31	8.80	8.45	10.42	8.73	8.82	8.86	9.24	9.70	10.33
0.51	8.91	8.87	9.14	9.85	10.67	8.77	8.44	9.02	8.62	10.65	8.95	8.98	9.06	9.45	9.80	10.50
0.52	9.05	9.03	9.34	10.10	10.80	8.93	8.60	9.21	8.80	10.80	9.16	9.16	9.25	9.65	10.00	10.65
0.53	9.21	9.20	9.55	10.33	10.95	9.11	8.83	9.41	8.97	11.03	9.38	9.36	9.41	9.86	10.10	10.82
0.54	9.45	9.37	9.73	10.49	11.27	9.27	9.02	9.62	9.15	11.29	9.59	9.53	9.53	10.06	10.30	10.98
0.55	9.60	9.55	9.92	10.68	11.47	9.44	9.19	9.84	9.33	11.48	9.81	9.71	9.67	10.25	10.50	11.13
0.56	9.80	9.71	10.07	10.85	11.68	9.62	9.40	10.07	9.51	11.72	10.02	9.89	9.81	10.44	10.70	11.31
0.57	9.94	9.88	10.16	11.09	11.90	9.81	9.58	10.25	9.70	11.89	10.24	10.08	10.00	10.64	10.80	11.54
0.58	10.14	10.07	10.43	11.28	12.11	9.94	9.74	10.46	9.89	12.12	10.40	10.26	10.12	10.83	11.00	11.70
0.59	10.30	10.24	10.63	11.47	12.20	10.11	9.96	10.69	10.08	12.36	10.61	10.44	10.29	11.02	11.20	11.91
0.6	10.46	10.43	10.82	11.66	12.34	10.30	10.18	10.89	10.27	12.58	10.83	10.63	10.47	11.21	11.40	12.10
0.61	10.66	10.62	10.99	11.85	12.44	10.47	10.38	11.08	10.46	12.79	11.04	10.82	10.61	11.40	11.50	12.29
0.62	10.83	10.81	11.08	12.04	12.63	10.60	10.54	11.26	10.66	12.94	11.21	10.99	10.80	11.59	11.70	12.49
0.63	11.08	11.02	11.31	12.23	12.80	10.77	10.68	11.47	10.86	13.17	11.48	11.17	10.95	11.79	11.90	12.70
0.64	11.24	11.18	11.50	12.44	12.95	10.96	10.95	11.67	11.06	13.30	11.69	11.38	11.13	11.98	12.10	12.91
0.65	11.42	11.36	11.64	12.63	13.21	11.16	11.15	11.90	11.27	13.51	11.91	11.57	11.32	12.19	12.20	13.11
0.66	11.58	11.52	11.77	12.80	13.51	11.33	11.32	12.14	11.48	13.63	12.07	11.74	11.52	12.41	12.40	13.29
0.67	11.77	11.70	11.92	13.02	13.90	11.52	11.56	12.36	11.69	13.80	12.28	11.94	11.68	12.62	12.70	13.46
0.68	11.94	11.88	12.14	13.19	14.07	11.70	11.77	12.55	11.90	13.96	12.50	12.13	11.83	12.83	12.90	13.68
0.69	12.14	12.03	12.36	13.36	14.20	11.88	11.98	12.81	12.11	14.14	12.71	12.30	12.01	13.05	13.10	13.89
0.7	12.32	12.22	12.48	13.63	14.34	12.03	12.18	13.04	12.33	14.27	12.93	12.51	12.19	13.25	13.20	14.10
0.71	12.52	12.41	12.73	13.85	14.54	12.21	12.37	13.28	12.54	14.46	13.14	12.70	12.34	13.46	13.40	14.30
0.72	12.70	12.55	12.95	14.09	14.69	12.40	12.56	13.48	12.76	14.62	13.36	12.89	12.50	13.66	13.60	14.51
0.73	12.89	12.70	13.20	14.28	14.80	12.60	12.75	13.70	12.97	14.79	13.63	13.07	12.71	13.87	13.90	14.73
0.74	13.11	12.89	13.35	14.47	14.96	12.77	12.96	13.90	13.18	15.13	13.84	13.27	12.85	14.07	14.10	14.91
0.75	13.33	13.10	13.46	14.67	15.19	12.92	13.13	14.14	13.39	15.30	14.11	13.45	13.05	14.27	14.30	15.12
0.76	13.50	13.27	13.65	14.89	15.35	13.08	13.38	14.42	13.60	15.60	14.33	13.65	13.16	14.48	14.50	15.42
0.77	13.70	13.44	13.79	15.08	15.48	13.25	13.56	14.68	13.80	15.80	14.60	13.83	13.32	14.68	14.70	15.64
0.78	13.91	13.63	13.96	15.34	15.63	13.41	13.77	14.90	14.00	15.98	14.81	14.03	13.48	14.88	15.00	15.88
0.79	14.10	13.80	14.09	15.61	15.89	13.57	13.98	15.13	14.20	16.18	15.03	14.24	13.70	15.09	15.20	16.08
0.8	14.28	13.99	14.28	15.80	16.09	13.74	14.19	15.35	14.40	16.50	15.30	14.42	13.89	15.31	15.40	16.30
0.81	14.46	14.13	14.42	16.02	16.26	13.93	14.38	15.61	14.59	16.70	15.51	14.61	14.05	15.53	15.60	16.51
0.82	14.65	14.31	14.55	16.22	16.47	14.09	14.60	15.84	14.78	16.91	15.78	14.80	14.24	15.75	15.80	16.76
0.83	14.84	14.51	14.73	16.39	16.71	14.26	14.75	16.05	14.97	17.19	16.05	14.97	14.45	15.97	16.00	16.96
0.84	15.04	14.67	14.86	16.60	17.03	14.42	14.88	16.29	15.16	17.42	16.27	15.14	14.66	16.19	16.20	17.12
0.85	15.19	14.88	15.01	16.80	17.18	14.58	15.02	16.50	15.35	17.66	16.54	15.32	14.85	16.41	16.50	17.30
0.86	15.37	15.06	15.16	16.97	17.38	14.78	15.14	16.71	15.54	17.91	16.75	15.48	15.02	16.64	16.70	17.51
0.87	15.50	15.22	15.34	17.19	17.56	15.02	15.26	16.95	15.73	18.05	17.02	15.67	15.20	16.87	16.90	17.70
0.88	15.64	15.44	15.44	17.40	17.84	15.20	15.45	17.16	15.92	18.35	17.34	15.86	15.38	17.10	17.20	17.87
0.89	15.83	15.60	15.65	17.57	18.08	15.33	15.65	17.40	16.11	18.52	17.61	16.03	15.55	17.33	17.40	18.12
0.9	16.00	15.78	15.79	17.76	18.34	15.50	15.81	17.56	16.31	18.80	17.88	16.20	15.82	17.57	17.60	18.38
0.91	16.11	15.93	15.97	17.94	18.57	15.71	15.95	17.76	16.51	19.21	18.20	16.37	16.00	17.80	17.90	18.54
0.92	16.28	16.12	16.18	18.11	18.78	15.93	16.10	17.98	16.73	19.50	18.53	16.55	16.22	18.07	18.10	18.75
0.93	16.44	16.32	16.27	18.33	19.01	16.14	16.24	18.17	16.94	19.84	18.90	16.74	16.43	18.47	18.30	18.95
0.94	16.61	16.48	16.41	18.50	19.44	16.33	16.36	18.38	17.19	20.21	19.33	16.90	16.66	18.87	18.60	19.15
0.95	16.77	16.70	16.70	18.67	19.87	16.59	16.48	18.54	17.44	20.68	19.77	17.10	16.89	19.34	18.90	19.32
0.96	17.04	16.90	17.02	18.90	20.18	16.84	16.73	18.76	17.74	21.04	20.36	17.33	17.11	19.84	19.20	19.54
0.97	17.36	17.20	17.36	19.14	20.47	17.07	16.94	18.98	18.06	21.52	21.00	17.58	17.43	20.55	19.50	19.78
0.98	17.78	17.60	17.84	19.46	21.00	17.41	17.22	19.23	18.47	22.18	21.97	17.92	17.94	21.42	19.80	20.05
0.99	18.16	18.22	18.89	19.83	21.62	17.79	18.03	19.48	19.12	22.84	23.32	18.45	18.68	22.72	20.20	20.38
1	21.20	23.67	23.50	21.78	25.80	18.40	21.56	19.97	25.59	25.50	23.32	21.35	24.80	28.98	22.30	22.84
